netcdf S23ramp100_96 {

// global attributes:
		:SMS++_file_type = 1 ;

group: Block_0 {
  dimensions:
  	TimeHorizon = 96 ;
  	NumberIntervals = 96 ;
  variables:
  	double MinPower ;
  	double MaxPower ;
  	double DeltaRampUp ;
  	double DeltaRampDown ;
  	double QuadTerm ;
  	double StartUpCost ;
  	double LinearTerm(NumberIntervals) ;
  	double ConstTerm(NumberIntervals) ;
  	double InitialPower ;
  	int64 InitUpDownTime ;
  	uint64 MinUpTime ;
  	uint64 MinDownTime ;

  // group attributes:
  		:type = "ThermalUnitBlock" ;
  data:

   MinPower = 36 ;

   MaxPower = 119 ;

   DeltaRampUp = 47.6 ;

   DeltaRampDown = 40.4 ;

   QuadTerm = 0.007951 ;

   StartUpCost = 167.092 ;

   LinearTerm = 0.168489999999999, 0.156319999999999, 0.38671, 
      -0.613160000000001, -0.717680000000001, -0.954000000000001, -0.93123, 
      -0.64489, -0.67184, -0.43867, -0.65253, -0.798170000000001, 
      -0.832890000000001, 0.12137, -0.2784, -0.73887, -0.70089, -0.61517, 
      -0.36448, -0.74884, -0.48322, -0.372450000000001, -0.272180000000001, 
      -0.21511, 0.168489999999999, 0.156319999999999, 0.38671, 
      -0.613160000000001, -0.717680000000001, -0.954000000000001, -0.93123, 
      -0.64489, -0.67184, -0.43867, -0.65253, -0.798170000000001, 
      -0.832890000000001, 0.12137, -0.2784, -0.73887, -0.70089, -0.61517, 
      -0.36448, -0.74884, -0.48322, -0.372450000000001, -0.272180000000001, 
      -0.21511, 0.168489999999999, 0.156319999999999, 0.38671, 
      -0.613160000000001, -0.717680000000001, -0.954000000000001, -0.93123, 
      -0.64489, -0.67184, -0.43867, -0.65253, -0.798170000000001, 
      -0.832890000000001, 0.12137, -0.2784, -0.73887, -0.70089, -0.61517, 
      -0.36448, -0.74884, -0.48322, -0.372450000000001, -0.272180000000001, 
      -0.21511, 0.168489999999999, 0.156319999999999, 0.38671, 
      -0.613160000000001, -0.717680000000001, -0.954000000000001, -0.93123, 
      -0.64489, -0.67184, -0.43867, -0.65253, -0.798170000000001, 
      -0.832890000000001, 0.12137, -0.2784, -0.73887, -0.70089, -0.61517, 
      -0.36448, -0.74884, -0.48322, -0.372450000000001, -0.272180000000001, 
      -0.21511 ;

   ConstTerm = 150.174, 150.174, 150.174, 150.174, 150.174, 150.174, 
      140.200848, 93.560583, -14.98134, 150.174, 120.906664, -126.89965, 
      84.262756, 150.174, 150.174, 72.698455, -52.16765, 132.543436, 150.174, 
      -120.17258, 65.418273, 77.748458, 76.739576, 80.973358, 150.174, 
      150.174, 150.174, 150.174, 150.174, 150.174, 140.200848, 93.560583, 
      -14.98134, 150.174, 120.906664, -126.89965, 84.262756, 150.174, 
      150.174, 72.698455, -52.16765, 132.543436, 150.174, -120.17258, 
      65.418273, 77.748458, 76.739576, 80.973358, 150.174, 150.174, 150.174, 
      150.174, 150.174, 150.174, 140.200848, 93.560583, -14.98134, 150.174, 
      120.906664, -126.89965, 84.262756, 150.174, 150.174, 72.698455, 
      -52.16765, 132.543436, 150.174, -120.17258, 65.418273, 77.748458, 
      76.739576, 80.973358, 150.174, 150.174, 150.174, 150.174, 150.174, 
      150.174, 140.200848, 93.560583, -14.98134, 150.174, 120.906664, 
      -126.89965, 84.262756, 150.174, 150.174, 72.698455, -52.16765, 
      132.543436, 150.174, -120.17258, 65.418273, 77.748458, 76.739576, 
      80.973358 ;

   InitialPower = 62.5209 ;

   InitUpDownTime = 3 ;

   MinUpTime = 4 ;

   MinDownTime = 4 ;
  } // group Block_0
}
